10011
10012
100211
100213000000027
100214
10025
10026
10027
10028
1002A
1002C
1002F
1002H
1002J
1002L
1002N
1002O
1002P
1002Q
1002R
1002S
1002U
1002V
1002W
1002Y
1002Z
100911000000002
100912
100913
11331
11332
11333
11338
11339
11412
1403
150112
150113
150114
150115
150116
150122
150123
150124
150125
150126
150131
150132
150134
150135
150141
150142
150144
150145
150151
150152
150154
150155
150162
150164
150165
150171
150172
150174
150175
150181
150182
150184
150185
150186
150192
150194
150195
1501A2
1501A4
1501A5
1501B1
1501B2
1501B5
1501C1
1501C2
1501C3
1501C4
1501D1
1501D2
1501D4
1501D5
1501E2
1501E5
1501F1
1501F2
1501F3
1501F4
1501F5
1501G
1501H
1501I
1501J
1501K2
1501L2
1501M1
1501N1
160131
160132
160133
16033
1603C
1603D
1603E1
17011
17013
17015
18011
180121
180122
180123
180124
180131000000001
180131000000003
180131000000004
180131000000005
180131000000006
180131000000007
180132000000001
180132000000002
180132000000003
180132000000004
180132000000005
180132000000006
180132000000007
180132000000008
180132000000009
180132000000010
180132000000011
180132000000012
180132000000013
180132000000014
180132000000015
180133000000001
180133000000002
180133000000003
180133000000004
180133000000005
180133000000006
180133000000007
180133000000008
180133000000009
180133000000010
180133000000011
180133000000012
180133000000013
180133000000014
180133000000015
180133000000016
180133000000017
180133000000018
180133000000019
180133000000020
180133000000021
180133000000022
180133000000023
180133000000024
180133000000025
180133000000026
180133000000027
180133000000028
180133000000029
180133000000030
180133000000031
180133000000033
180133000000034
180133000000036
180133000000037
180133000000038
180133000000039
180133000000040
180133000000041
180133000000044
180133000000045
180133000000046
180133000000047
180133000000048
180133000000049
180133000000050
180133000000051
180133000000052
180133000000053
180133000000054
180133000000055
180133000000056
180134000000001
180134000000002
180134000000003
180134000000004
180134000000005
180134000000006
180134000000007
180134000000008
180134000000009
180134000000010
180134000000011
180134000000012
180134000000013
180134000000014
180134000000015
180134000000016
180134000000017
180134000000018
180134000000019
180134000000020
180134000000021
180134000000022
180134000000023
180134000000024
180134000000025
180134000000026
180134000000027
180134000000028
180134000000029
180134000000030
180134000000031
180134000000032
180134000000033
180134000000034
180134000000035
180134000000037
180134000000038
18014
180151
180152
180153
210124
210125
210128
210129
21012D
21012F
21012G
21012H
21012I
21012J
2153
21811
21812
218151
218152
218153
218154
21816
21817
2181A1
2181A2
2181A3
2181A4
2181B
2181C
2181D
2181F
2181G
2301
5203
55041
55042
